SM:2025-03-15T23:04:04.4581310Z
LM:2025-03-16T00:22:10.5681894Z
CT:image/webp
MA:604800
CL:31708
