SM:2025-03-15T23:04:01.7966770Z
LM:2025-03-16T00:22:10.6013608Z
CT:image/webp
MA:604800
CL:44268
