SM:2025-03-15T23:09:28.5420947Z
LM:2025-03-15T23:54:08.0996445Z
CT:image/webp
MA:604800
CL:2334
