SM:2025-03-15T23:04:03.1630002Z
LM:2025-03-16T00:22:10.9677397Z
CT:image/webp
MA:604800
CL:51022
